1 28 20.14 3.0941528 20.14 3.0941528 20.14 3.09415
2 29 20.3833 2.9647529 20.3833 2.9647529 20.3833 2.96475
3 29 20.7467 3.0258629 20.7467 3.0258629 20.7467 3.02586
4 29 21.4733 3.2128829 21.4733 3.2128829 21.4733 3.21288
5 29 21.87 3.184329 21.87 3.184329 21.87 3.1843
6 29 22.2467 3.2206429 22.2467 3.2206429 22.2467 3.22064
7 30 22.39 3.3770630 22.39 3.3770630 22.39 3.37706
8 30 22.5667 3.337530 22.5667 3.337530 22.5667 3.3375
9 30 23.0133 3.518530 23.0133 3.518530 23.0133 3.5185
10 30 23.5967 3.1135230 23.5967 3.1135230 23.5967 3.11352
11 31 24.12 2.966331 24.12 2.966331 24.12 2.9663
12 31 24.5 2.8124731 24.5 2.8124731 24.5 2.81247
13 31 24.9967 2.6337531 24.9967 2.6337531 24.9967 2.63375
14 31 25.2367 2.7179631 25.2367 2.7179631 25.2367 2.71796
15 31 25.35 2.5795731 25.35 2.5795731 25.35 2.57957
16 31 25.58 2.5292231 25.58 2.5292231 25.58 2.52922
17 31 25.6933 2.4669731 25.6933 2.4669731 25.6933 2.46697
18 32 26.0333 2.4641932 26.0333 2.4641932 26.0333 2.46419
19 32 25.94 2.4323732 25.94 2.4323732 25.94 2.43237
20 33 26.1467 2.4762533 26.1467 2.4762533 26.1467 2.47625
21 33 26.3167 2.3978633 26.3167 2.3978633 26.3167 2.39786
22 33 26.3967 2.572833 26.3967 2.572833 26.3967 2.5728
23 33 26.5167 2.5501133 26.5167 2.5501133 26.5167 2.55011
24 33 26.8833 2.5514233 26.8833 2.5514233 26.8833 2.55142
25 33 27.34 2.4868533 27.34 2.4868533 27.34 2.48685
26 33 27.4067 2.5757833 27.4067 2.5757833 27.4067 2.57578
27 33 27.7533 2.5243833 27.7533 2.5243833 27.7533 2.52438
28 34 27.75 2.5061634 27.75 2.5061634 27.75 2.50616
29 34 27.97 2.4797434 27.97 2.4797434 27.97 2.47974
30 34 28.2033 2.5433634 28.2033 2.5433634 28.2033 2.54336
31 34 28.2833 2.673934 28.2833 2.673934 28.2833 2.6739
32 34 28.4233 2.7405834 28.4233 2.7405834 28.4233 2.74058
33 34 28.4433 2.7809134 28.4433 2.7809134 28.4433 2.78091
34 34 28.8533 2.5881434 28.8533 2.5881434 28.8533 2.58814
35 34 28.8167 2.5132434 28.8167 2.5132434 28.8167 2.51324
36 34 28.88 2.7602434 28.88 2.7602434 28.88 2.76024
37 34 29.1467 2.7997334 29.1467 2.7997334 29.1467 2.79973
38 34 29.2767 2.7616634 29.2767 2.7616634 29.2767 2.76166
39 35 29.3767 2.7021235 29.3767 2.7021235 29.3767 2.70212
40 35 29.7333 2.4823835 29.7333 2.4823835 29.7333 2.48238
41 35 29.84 2.5705535 29.84 2.5705535 29.84 2.57055
42 35 29.9533 2.5828635 29.9533 2.5828635 29.9533 2.58286
43 37 30.27 2.6096837 30.27 2.6096837 30.27 2.60968
44 37 30.3633 2.6554337 30.3633 2.6554337 30.3633 2.65543
45 37 30.5033 2.8419537 30.5033 2.8419537 30.5033 2.84195
46 37 30.51 2.7012237 30.51 2.7012237 30.51 2.70122
47 37 30.5 2.8861737 30.5 2.8861737 30.5 2.88617
48 37 30.6233 2.7425337 30.6233 2.7425337 30.6233 2.74253
49 39 30.72 2.6067139 30.72 2.6067139 30.72 2.60671
50 40 30.8533 2.7126540 30.8533 2.7126540 30.8533 2.71265
