1 0.0010395 0.000154562 0.000560767
2 0.00127121 0.000210722 0.00048026
3 0.00127121 0.000220092 0.000483334
4 0.00185197 0.000258289 0.00045893
5 0.00185197 0.000266799 0.000623838
6 0.00193676 0.00032616 0.000572483
7 0.00215081 0.000413016 0.000527135
8 0.00215081 0.000440752 0.000487079
9 0.00215081 0.000438236 0.000476159
10 0.00215081 0.00042125 0.000415691
11 0.00215081 0.000374302 0.000441536
12 0.00226602 0.000343772 0.00051834
13 0.00226602 0.000375876 0.000493763
14 0.00226602 0.000400411 0.00043561
15 0.00226602 0.000427203 0.000470481
16 0.00226602 0.000410117 0.00052223
17 0.00226602 0.000504593 0.000553688
18 0.00226666 0.000628415 0.000693167
19 0.00226666 0.000578768 0.000634453
20 0.00240311 0.000656651 0.000702055
21 0.00240311 0.000721722 0.000727335
22 0.00240311 0.000697028 0.00070943
23 0.00240311 0.000636864 0.000641325
24 0.00240311 0.000672321 0.000660853
25 0.00240311 0.000681255 0.000734147
26 0.00240311 0.000674582 0.000820617
27 0.00266411 0.000568573 0.000924119
28 0.00266411 0.000553157 0.000929734
29 0.00266411 0.000529746 0.000966866
30 0.00366345 0.000614648 0.00105812
31 0.00366345 0.000558772 0.00106288
32 0.00366345 0.000677819 0.000828013
33 0.00366345 0.000746522 0.000906471
34 0.00366345 0.000666329 0.000851127
35 0.00366345 0.000429176 0.00104181
36 0.00366345 0.000460657 0.00118788
37 0.00375285 0.000767682 0.00114415
38 0.00503513 0.00098915 0.00114909
39 0.00557864 0.00111935 0.00137854
40 0.00557864 0.000888063 0.00124087
41 0.00557864 0.000845236 0.00106205
42 0.00557864 0.000721367 0.00110239
43 0.00557864 0.000714398 0.00126344
44 0.00557864 0.000652726 0.0012747
45 0.00557864 0.000756132 0.00127358
46 0.00557864 0.00091638 0.00143236
47 0.0056095 0.000912894 0.00152754
48 0.0056095 0.000903895 0.00136426
49 0.00561326 0.00107388 0.00164307
50 0.00561326 0.00102902 0.00160554
51 0.00561326 0.000990917 0.00154271
52 0.005628 0.00079757 0.00133619
53 0.005628 0.000922911 0.00132716
54 0.005628 0.000871852 0.00105484
55 0.005628 0.000826844 0.00105442
56 0.0056289 0.000806123 0.00150297
57 0.0056289 0.000662814 0.0013441
58 0.0056289 0.000586892 0.00125623
59 0.0056289 0.000751413 0.00145042
60 0.0056289 0.00084814 0.00159427
61 0.0056289 0.000997325 0.00150388
62 0.0056289 0.000649443 0.00155699
63 0.0056289 0.000479347 0.00166351
64 0.0056289 0.000322919 0.00170847
65 0.0056289 0.000346847 0.00172265
66 0.0056289 0.000407113 0.00168226
67 0.00562979 0.000522399 0.00198368
68 0.00562979 0.000651859 0.00181448
69 0.00566024 0.000668433 0.00172173
70 0.00566024 0.000751281 0.00164404
71 0.00566024 0.00103761 0.00142615
72 0.00566024 0.00130279 0.00165144
73 0.00566024 0.0010714 0.00144443
74 0.00566024 0.00101148 0.00143356
75 0.00566024 0.00118323 0.00165977
76 0.00566024 0.00119065 0.00176417
77 0.00566024 0.000885439 0.00176073
78 0.00566024 0.00101864 0.00176586
79 0.00566116 0.000992114 0.00175228
80 0.00566116 0.000998032 0.00152404
81 0.00566116 0.000921469 0.00141326
82 0.00566116 0.000986009 0.00140496
83 0.00566116 0.0010846 0.00149206
84 0.00566116 0.00107068 0.00139893
85 0.00566116 0.00115551 0.00140006
86 0.00566116 0.00117453 0.00143244
87 0.00566116 0.00122592 0.00143377
88 0.00566116 0.00141569 0.00142135
89 0.00566116 0.00128159 0.00138677
90 0.00566116 0.00106401 0.00145647
91 0.00796324 0.00115503 0.00167666
92 0.00796324 0.00135154 0.00181427
93 0.00796324 0.00120465 0.00196017
94 0.00796324 0.000844267 0.00202684
95 0.00796324 0.000794801 0.00184009
96 0.00891469 0.000662189 0.00185146
97 0.00891469 0.000827024 0.00195406
98 0.0089667 0.0010474 0.00234596
99 0.0089667 0.00097215 0.0018132
100 0.0089667 0.000972207 0.00170544
101 0.0089667 0.00123688 0.00201382
102 0.0089667 0.00112153 0.00183198
103 0.00898087 0.00130685 0.00214513
104 0.00898087 0.00130149 0.00228291
105 0.00898087 0.00073203 0.00154873
106 0.00898087 0.000836562 0.00177199
107 0.00898087 0.000972181 0.00198905
108 0.00898087 0.000794398 0.00177401
109 0.00898087 0.000877842 0.00173575
110 0.00898087 0.000923961 0.00197223
111 0.00898087 0.000998245 0.002297
112 0.00898087 0.00129345 0.00271124
113 0.00898087 0.000535368 0.00200471
114 0.00898087 0.000771625 0.00249794
115 0.00898087 0.00060256 0.0024874
116 0.00898087 0.000543767 0.00267143
117 0.00898087 0.000627536 0.00271766
118 0.00898087 0.000437971 0.00268305
119 0.00898087 0.0007542 0.00282496
120 0.00898087 0.000831904 0.00254612
121 0.00898087 0.000838473 0.00285449
122 0.00898087 0.000687086 0.00242178
123 0.00898087 0.000530225 0.00217469
124 0.00898087 0.000697101 0.00240498
125 0.00898087 0.00066845 0.00228208
126 0.00898087 0.000824451 0.00223786
127 0.00898087 0.000905584 0.00230658
128 0.00898087 0.00104655 0.002495
129 0.00898087 0.00110485 0.00255611
130 0.0110408 0.000608931 0.00244613
131 0.0111408 0.000484897 0.00251452
132 0.0111408 0.000688205 0.00254726
133 0.0158989 0.000883031 0.00273739
134 0.0165903 0.00162358 0.00399308
135 0.0235565 0.00206236 0.00481852
136 0.0235565 0.00174516 0.00497535
137 0.0235565 0.001411 0.00477102
138 0.0235565 0.00125676 0.00463864
139 0.0235565 0.00107936 0.00365504
140 0.0235565 0.00197266 0.00541811
141 0.0574672 0.00324601 0.00855251
142 0.0574672 0.00413866 0.0122585
143 0.0605987 0.00643419 0.0153896
144 0.0605987 0.0033379 0.0115994
145 0.0605987 0.00185656 0.00733984
146 0.0605987 0.00254173 0.00851611
147 0.0605987 0.00312104 0.0104463
148 0.0605987 0.00343934 0.0109378
149 0.0605987 0.00254818 0.0100403
150 0.0605987 0.0028162 0.0105231
151 0.0605987 0.00259667 0.00935963
152 0.0605987 0.00206383 0.00804545
153 0.0605987 0.00198487 0.00745289
154 0.0605987 0.00301496 0.0096142
155 0.0613916 0.00430526 0.0137931
156 0.0613916 0.00445095 0.0133204
157 0.0613916 0.00553265 0.0160499
158 0.0752403 0.0058628 0.0162785
159 0.0752403 0.00741101 0.018201
160 0.0752403 0.00791189 0.0189754
161 0.0752403 0.00657791 0.0183711
162 0.0752403 0.00994781 0.021376
163 0.0752403 0.0100159 0.0215856
164 0.0802974 0.012411 0.0255704
165 0.0802974 0.00980712 0.0203734
166 0.0802974 0.0114323 0.0231472
167 0.0802974 0.0127002 0.0247755
168 0.0802974 0.00924211 0.020778
169 0.0802974 0.0111355 0.0212267
170 0.0802974 0.0111989 0.0209463
171 0.0802974 0.00880459 0.0193006
172 0.0802974 0.00835993 0.0190599
173 0.0802974 0.00446577 0.0148455
174 0.0802974 0.00439454 0.0155118
175 0.0802974 0.0042494 0.0143194
176 0.0802974 0.00597334 0.0166803
177 0.0802974 0.00513586 0.0163236
178 0.0802974 0.00584382 0.0171397
179 0.0802974 0.00325566 0.0121774
180 0.0802974 0.00516406 0.0172611
181 0.0802974 0.00538502 0.0164406
182 0.0802974 0.00479093 0.0172366
183 0.0802974 0.00678458 0.0208607
184 0.0802974 0.0079135 0.020768
185 0.0802974 0.00826527 0.0210507
186 0.0802974 0.005301 0.0177008
187 0.0802974 0.00493612 0.0169126
188 0.0802974 0.00556162 0.0163711
189 0.0802974 0.00614157 0.0171141
190 0.0802974 0.00472507 0.0160816
191 0.0802974 0.00557492 0.0155835
192 0.0802974 0.00322294 0.0114735
193 0.0802974 0.00408217 0.0163729
194 0.0802974 0.00339173 0.0134492
195 0.0802974 0.00408589 0.0152025
196 0.0802974 0.0034928 0.0139583
197 0.0802974 0.00257501 0.0106224
198 0.0802974 0.00371988 0.0143047
199 0.0802974 0.00388723 0.014366
200 0.0802974 0.00387107 0.0149731
